x1 = 1.99999
x2 = 0.999905
x3 = 4.00004